varString <- "Hello"

var1 <- 1
var2 <- 2

var1 + var2
#3

var1 - var2
#-1

var1 * var2
#2

var1^var2
#1

var1 / var2
#0.5

#modulus
var1 %% var2
#1
